SBC_2016
20.000000	10.000000	5.000000		f, zs, zrr
2828.096490	1.000000	10		rmax, dr, ndr
580.767981	0.500000	20	805.000000		zmax, dz, ndz, zmplot
1500.000000	6	0	0.000000		c0, np, irot, theta
0.000000	580.767981
28.566631	580.595986
57.133262	580.182697
85.699894	579.626361
114.266525	579.143428
142.833156	578.805892
171.399787	578.679730
199.966418	578.559692
228.533050	578.445778
257.099681	578.350384
285.666312	578.273966
314.232943	578.215919
342.799574	578.148979
371.366206	578.067134
399.932837	578.003640
428.499468	577.965574
457.066099	577.970367
485.632731	577.981284
514.199362	577.998326
542.765993	577.881087
571.332624	577.710571
599.899255	577.515559
628.465887	577.400895
657.032518	577.407314
685.599149	577.419843
714.165780	577.432815
742.732411	577.383692
771.299043	577.334569
799.865674	577.285447
828.432305	577.283271
856.998936	577.294632
885.565567	577.299875
914.132199	577.258012
942.698830	577.164070
971.265461	577.057895
999.832092	576.939486
1028.398723	576.766436
1056.965355	576.610484
1085.531986	576.472904
1114.098617	576.378502
1142.665248	576.308311
1171.231879	576.232951
1199.798511	576.068872
1228.365142	575.800002
1256.931773	575.555600
1285.498404	575.335665
1314.065036	575.209861
1342.631667	575.072432
1371.198298	574.910506
1399.764929	574.753516
1428.331560	574.632655
1456.898192	574.548058
1485.464823	574.497974
1514.031454	574.473436
1542.598085	574.430570
1571.164716	574.369374
1599.731348	574.201009
1628.297979	573.999230
1656.864610	573.791335
1685.431241	573.551597
1713.997872	573.272747
1742.564504	573.027650
1771.131135	572.793510
1799.697766	572.636391
1828.264397	572.473155
1856.831028	572.303802
1885.397660	571.840720
1913.964291	571.133926
1942.530922	570.304646
1971.097553	569.464482
1999.664184	568.918560
2028.230816	568.321667
2056.797447	567.534922
2085.364078	566.241090
2113.930709	565.099382
2142.497341	564.141183
2171.063972	563.519842
2199.630603	563.053595
2228.197234	562.587348
2256.763865	561.956668
2285.330497	560.699738
2313.897128	559.487463
2342.463759	558.318006
2371.030390	558.231568
2399.597021	558.321490
2428.163653	558.380863
2456.730284	558.301891
2485.296915	558.132684
2513.863546	558.018529
2542.430177	557.949067
2570.996809	557.738077
2599.563440	557.500406
2628.130071	557.262735
2656.696702	556.894230
2685.263333	556.478805
2713.829965	556.063380
2742.396596	555.728035
2770.963227	555.539775
2799.529858	555.363763
2828.096490	555.200000
-1	-1
1.000000	1508.928257
2.000000	1508.867467
3.000000	1508.862519
4.000000	1508.787006
5.000000	1508.998658
6.000000	1508.984398
7.000000	1508.936880
8.000000	1508.978607
9.000000	1509.000852
10.000000	1508.706003
11.000000	1508.211574
12.000000	1507.087532
13.000000	1505.731919
14.000000	1504.909525
15.000000	1504.493885
16.000000	1503.800407
17.000000	1503.578294
18.000000	1502.873739
19.000000	1502.528931
20.000000	1502.235021
21.000000	1501.787070
22.000000	1501.581110
23.000000	1501.189603
24.000000	1500.945752
25.000000	1500.813549
26.000000	1500.473328
27.000000	1499.986179
28.000000	1498.440263
29.000000	1497.340494
30.000000	1496.898203
31.000000	1496.355993
32.000000	1495.273392
33.000000	1494.248165
34.000000	1494.143458
35.000000	1493.966919
36.000000	1493.720763
37.000000	1493.088137
38.000000	1492.873600
39.000000	1492.784193
40.000000	1492.412954
41.000000	1492.208574
42.000000	1491.892549
43.000000	1491.726916
44.000000	1491.677882
45.000000	1491.659040
46.000000	1491.685770
47.000000	1491.689062
48.000000	1491.709199
49.000000	1491.708791
50.000000	1491.504126
51.000000	1491.251122
52.000000	1490.980878
53.000000	1490.644545
54.000000	1490.449917
55.000000	1490.292093
56.000000	1490.056909
57.000000	1490.121342
58.000000	1489.680112
59.000000	1489.549493
60.000000	1489.455277
61.000000	1489.466073
62.000000	1489.381642
63.000000	1489.234845
64.000000	1489.229863
65.000000	1489.228383
66.000000	1489.224757
67.000000	1489.062559
68.000000	1489.006827
69.000000	1488.981720
70.000000	1488.865020
71.000000	1488.850594
72.000000	1488.850765
73.000000	1488.820415
74.000000	1488.790625
75.000000	1488.772485
76.000000	1488.763668
77.000000	1488.745786
78.000000	1488.686210
79.000000	1488.615400
80.000000	1488.619025
81.000000	1488.591560
82.000000	1488.461229
83.000000	1488.443949
84.000000	1488.453382
85.000000	1488.433017
86.000000	1488.368954
87.000000	1488.358415
88.000000	1488.368789
89.000000	1488.389028
90.000000	1488.373872
91.000000	1488.341324
92.000000	1488.317747
93.000000	1488.312397
94.000000	1488.345067
95.000000	1488.366624
96.000000	1488.388227
97.000000	1488.404208
98.000000	1488.419326
99.000000	1488.434811
100.000000	1488.447977
101.000000	1488.462000
102.000000	1488.477361
103.000000	1488.490901
104.000000	1488.502496
105.000000	1488.519320
106.000000	1488.531398
107.000000	1488.546520
108.000000	1488.562124
109.000000	1488.579923
110.000000	1488.596866
111.000000	1488.607476
112.000000	1488.605430
113.000000	1488.604721
114.000000	1488.619603
115.000000	1488.630944
116.000000	1488.638019
117.000000	1488.635222
118.000000	1488.633886
119.000000	1488.622080
120.000000	1488.600383
121.000000	1488.536536
122.000000	1488.529489
123.000000	1488.506960
124.000000	1488.502840
125.000000	1488.504066
126.000000	1488.506155
127.000000	1488.506763
128.000000	1488.498723
129.000000	1488.467356
130.000000	1488.453207
131.000000	1488.468207
132.000000	1488.494564
133.000000	1488.486973
134.000000	1488.495629
135.000000	1488.504278
136.000000	1488.516716
137.000000	1488.529521
138.000000	1488.544037
139.000000	1488.560016
140.000000	1488.572822
141.000000	1488.585996
142.000000	1488.597937
143.000000	1488.595194
144.000000	1488.592578
145.000000	1488.588255
146.000000	1488.575741
147.000000	1488.569099
148.000000	1488.574835
149.000000	1488.568229
150.000000	1488.563463
151.000000	1488.540695
152.000000	1488.511391
153.000000	1488.475109
154.000000	1488.457276
155.000000	1488.433313
156.000000	1488.425203
157.000000	1488.437088
158.000000	1488.431746
159.000000	1488.448975
160.000000	1488.471860
161.000000	1488.490309
162.000000	1488.503229
163.000000	1488.501547
164.000000	1488.498275
165.000000	1488.493907
166.000000	1488.500817
167.000000	1488.514355
168.000000	1488.502247
169.000000	1488.513330
170.000000	1488.521084
171.000000	1488.519774
172.000000	1488.504581
173.000000	1488.496123
174.000000	1488.500804
175.000000	1488.496029
176.000000	1488.495554
177.000000	1488.497041
178.000000	1488.499404
179.000000	1488.476891
180.000000	1488.429396
181.000000	1488.408601
182.000000	1488.412796
183.000000	1488.422771
184.000000	1488.435203
185.000000	1488.447136
186.000000	1488.448000
187.000000	1488.455259
188.000000	1488.462887
189.000000	1488.468663
190.000000	1488.474812
191.000000	1488.468315
192.000000	1488.463373
193.000000	1488.462370
194.000000	1488.471094
195.000000	1488.456531
196.000000	1488.422252
197.000000	1488.428030
198.000000	1488.394818
199.000000	1488.342224
200.000000	1488.324157
201.000000	1488.324851
202.000000	1488.285751
203.000000	1488.221445
204.000000	1488.266743
205.000000	1488.223254
206.000000	1488.082458
207.000000	1488.048196
208.000000	1488.019621
209.000000	1488.015693
210.000000	1488.050650
211.000000	1488.039042
212.000000	1488.022459
213.000000	1488.003890
214.000000	1487.991511
215.000000	1487.981361
216.000000	1487.981620
217.000000	1487.949138
218.000000	1487.919997
219.000000	1487.929546
220.000000	1487.929544
221.000000	1487.930781
222.000000	1487.926433
223.000000	1487.929654
224.000000	1487.915743
225.000000	1487.882336
226.000000	1487.857486
227.000000	1487.852625
228.000000	1487.863783
229.000000	1487.865751
230.000000	1487.861130
231.000000	1487.804804
232.000000	1487.783768
233.000000	1487.779625
234.000000	1487.773122
235.000000	1487.766611
236.000000	1487.740441
237.000000	1487.741766
238.000000	1487.755408
239.000000	1487.757724
240.000000	1487.741867
241.000000	1487.744056
242.000000	1487.744625
243.000000	1487.740463
244.000000	1487.760331
245.000000	1487.766874
246.000000	1487.773915
247.000000	1487.780459
248.000000	1487.784385
249.000000	1487.766749
250.000000	1487.737896
251.000000	1487.726488
252.000000	1487.718434
253.000000	1487.703016
254.000000	1487.693832
255.000000	1487.687513
256.000000	1487.689554
257.000000	1487.710182
258.000000	1487.731810
259.000000	1487.724487
260.000000	1487.712919
261.000000	1487.729307
262.000000	1487.742197
263.000000	1487.714265
264.000000	1487.641868
265.000000	1487.660508
266.000000	1487.692389
267.000000	1487.663427
268.000000	1487.654576
269.000000	1487.662468
270.000000	1487.671735
271.000000	1487.681883
272.000000	1487.694029
273.000000	1487.683669
274.000000	1487.658175
275.000000	1487.629294
276.000000	1487.606533
277.000000	1487.630439
278.000000	1487.637576
279.000000	1487.622560
280.000000	1487.606409
281.000000	1487.578981
282.000000	1487.502060
283.000000	1487.527350
284.000000	1487.544746
285.000000	1487.563521
286.000000	1487.575782
287.000000	1487.588043
288.000000	1487.613584
289.000000	1487.605547
290.000000	1487.568555
291.000000	1487.547720
292.000000	1487.540669
293.000000	1487.501132
294.000000	1487.497708
295.000000	1487.503065
296.000000	1487.507543
297.000000	1487.504868
298.000000	1487.480729
299.000000	1487.477921
300.000000	1487.468080
301.000000	1487.469663
302.000000	1487.468858
303.000000	1487.428358
304.000000	1487.374259
305.000000	1487.375950
306.000000	1487.388201
307.000000	1487.395173
308.000000	1487.393469
309.000000	1487.377680
310.000000	1487.351696
311.000000	1487.343818
312.000000	1487.222775
313.000000	1487.147343
314.000000	1487.107786
315.000000	1487.110069
316.000000	1487.117521
317.000000	1487.114507
318.000000	1487.104556
319.000000	1487.050065
320.000000	1487.043376
321.000000	1486.981535
322.000000	1486.789461
323.000000	1486.785382
324.000000	1486.797488
325.000000	1486.720299
326.000000	1486.659876
327.000000	1486.610948
328.000000	1486.597446
329.000000	1486.594208
330.000000	1486.603007
331.000000	1486.612066
332.000000	1486.603889
333.000000	1486.581125
334.000000	1486.594487
335.000000	1486.610514
336.000000	1486.607907
337.000000	1486.613156
338.000000	1486.630189
339.000000	1486.579273
340.000000	1486.608205
341.000000	1486.633589
342.000000	1486.637440
343.000000	1486.644462
344.000000	1486.645655
345.000000	1486.614638
346.000000	1486.451326
347.000000	1486.366697
348.000000	1486.370001
349.000000	1486.386535
350.000000	1486.384634
351.000000	1486.397994
352.000000	1486.408558
353.000000	1486.423063
354.000000	1486.437698
355.000000	1486.455259
356.000000	1486.456797
357.000000	1486.425648
358.000000	1486.402232
359.000000	1486.368254
360.000000	1486.356151
361.000000	1486.352329
362.000000	1486.321125
363.000000	1486.279049
364.000000	1486.284464
365.000000	1486.286942
366.000000	1486.288707
367.000000	1486.266649
368.000000	1486.196633
369.000000	1486.159739
370.000000	1486.185205
371.000000	1486.146778
372.000000	1486.060052
373.000000	1486.064581
374.000000	1486.122059
375.000000	1486.142435
376.000000	1486.157840
377.000000	1486.172475
378.000000	1486.142792
379.000000	1486.139787
380.000000	1486.151487
381.000000	1486.160886
382.000000	1486.178331
383.000000	1486.192587
384.000000	1486.181801
385.000000	1486.176242
386.000000	1486.153564
387.000000	1486.094695
388.000000	1486.022843
389.000000	1486.054617
390.000000	1486.000913
391.000000	1485.975457
392.000000	1485.968702
393.000000	1485.964633
394.000000	1485.941092
395.000000	1485.923555
396.000000	1485.931521
397.000000	1485.893735
398.000000	1485.843847
399.000000	1485.833461
400.000000	1485.801261
401.000000	1485.786753
402.000000	1485.777631
403.000000	1485.779933
404.000000	1485.793158
405.000000	1485.807407
406.000000	1485.805092
407.000000	1485.798399
408.000000	1485.798518
409.000000	1485.785539
410.000000	1485.729371
411.000000	1485.702085
412.000000	1485.702062
413.000000	1485.701518
414.000000	1485.698146
415.000000	1485.701843
416.000000	1485.680203
417.000000	1485.655060
418.000000	1485.655536
419.000000	1485.661801
420.000000	1485.673087
421.000000	1485.683347
422.000000	1485.692448
423.000000	1485.654549
424.000000	1485.631821
425.000000	1485.609990
426.000000	1485.597820
427.000000	1485.578932
428.000000	1485.565443
429.000000	1485.534661
430.000000	1485.503470
431.000000	1485.471371
432.000000	1485.454386
433.000000	1485.435077
434.000000	1485.385269
435.000000	1485.374441
436.000000	1485.330535
437.000000	1485.294100
438.000000	1485.252358
439.000000	1485.163878
440.000000	1485.101866
441.000000	1485.044105
442.000000	1485.003252
443.000000	1484.886966
444.000000	1484.812418
445.000000	1484.780824
446.000000	1484.775445
447.000000	1484.756313
448.000000	1484.722087
449.000000	1484.679531
450.000000	1484.667756
451.000000	1484.665870
452.000000	1484.652019
453.000000	1484.649339
454.000000	1484.635107
455.000000	1484.574657
456.000000	1484.558552
457.000000	1484.560157
458.000000	1484.567881
459.000000	1484.565589
460.000000	1484.530339
461.000000	1484.527639
462.000000	1484.509444
463.000000	1484.514290
464.000000	1484.526179
465.000000	1484.537942
466.000000	1484.540452
467.000000	1484.508022
468.000000	1484.486000
469.000000	1484.486800
470.000000	1484.495823
471.000000	1484.495448
472.000000	1484.501987
473.000000	1484.512701
474.000000	1484.519503
475.000000	1484.514048
476.000000	1484.466693
477.000000	1484.419301
478.000000	1484.400225
479.000000	1484.388595
480.000000	1484.379967
481.000000	1484.387667
482.000000	1484.400852
483.000000	1484.415479
484.000000	1484.429586
485.000000	1484.444213
486.000000	1484.459105
487.000000	1484.474124
488.000000	1484.485225
489.000000	1484.494758
490.000000	1484.500372
491.000000	1484.500625
492.000000	1484.514078
493.000000	1484.526619
494.000000	1484.528704
495.000000	1484.510919
496.000000	1484.495861
497.000000	1484.486035
498.000000	1484.476331
499.000000	1484.484153
500.000000	1484.494339
501.000000	1484.505830
502.000000	1484.514966
503.000000	1484.524495
504.000000	1484.535986
505.000000	1484.542768
506.000000	1484.552689
507.000000	1484.556331
508.000000	1484.534053
509.000000	1484.527864
510.000000	1484.527574
511.000000	1484.529766
512.000000	1484.538506
513.000000	1484.545283
514.000000	1484.554809
515.000000	1484.564727
516.000000	1484.575039
517.000000	1484.590849
518.000000	1484.605621
519.000000	1484.617238
520.000000	1484.628602
521.000000	1484.643108
522.000000	1484.655650
523.000000	1484.656141
524.000000	1484.666581
525.000000	1484.682267
526.000000	1484.692452
527.000000	1484.698050
528.000000	1484.713344
529.000000	1484.727066
530.000000	1484.728606
531.000000	1484.678777
532.000000	1484.661286
533.000000	1484.670543
534.000000	1484.685051
535.000000	1484.700740
536.000000	1484.712623
537.000000	1484.722806
538.000000	1484.729577
539.000000	1484.739621
540.000000	1484.753344
541.000000	1484.766940
542.000000	1484.777645
543.000000	1484.790709
544.000000	1484.805348
545.000000	1484.820912
546.000000	1484.835817
547.000000	1484.849669
548.000000	1484.864575
549.000000	1484.878694
550.000000	1484.895961
551.000000	1484.910474
552.000000	1484.917640
553.000000	1484.933068
554.000000	1484.946934
555.000000	1484.948591
556.000000	1484.958511
557.000000	1484.961359
558.000000	1484.945825
559.000000	1484.949700
560.000000	1484.955682
561.000000	1484.965346
562.000000	1484.972381
563.000000	1484.960377
564.000000	1484.971604
565.000000	1484.976923
566.000000	1484.988555
567.000000	1485.008712
568.000000	1485.020472
569.000000	1485.034201
570.000000	1485.049112
-1	-1
0.000000	1500.000000
90.000000	1700.000000
200.000000	1850.000000
350.000000	1850.000000
-1	-1
0.000000	10.000000
90.000000	24.000000
200.000000	72.000000
350.000000	72.000000
-1	-1
0.000000	1.350000
90.000000	1.500000
200.000000	1.700000
350.000000	1.700000
-1	-1
0.000000	0.200000
90.000000	1.000000
200.000000	0.500000
350.000000	10.000000
-1	-1
0.000000	1.000000
90.000000	1.500000
200.000000	1.500000
350.000000	10.000000
-1	-1
